5.804524881383353
4.0943787717006375
8.021405859505137
8.134691223715459
8.017235324223654
8.046707856047584
8.166961773024447
7.384234694371857
8.399217918582638
6.400093308240804
6.9351066604490335
7.976850605209663
8.375836796351132
8.181127746697939
7.900730544210143
6.7305142995964875
7.806785006441445
8.373065342547452
8.44663558805983
8.248138244670384
6.503540189094611
8.228641628759114
8.632076480267415
8.538840015319545
8.3804617679689
6.698857580177818
8.401789786227804
8.402337530301525
8.629416822458442
8.764674288794984
3.830112656712229
8.108883689959503
8.708782670595557
8.76774676334439
8.623262583975924
4.305711584975282
8.138148389272505
8.81763370845961
8.710334920391231
8.51983624056851
4.230725276788058
6.131168151357566
8.640341516065776
8.904350957940316
8.423368472706185
4.248001126433825
7.674328747185249
8.900345809586039
8.542253432275537
8.677062887100485
4.310236105596157
7.483007343726056
8.62011025000368
8.537596685828392
8.643967935339361
4.332316957333895
7.999542554158021
8.826279732447933
8.517790777402391
8.294091223059953
4.375888143932397
7.682495549895537
8.567007750658044
8.451070620923426
8.750458731860189
4.11875280342927
7.6403630385725485
8.479195133091329
8.538097473328465
8.586172280361522
4.239337945306219
7.056056459515647
8.61093635933325
8.38395530614037
8.509983789587851
4.35884251181173
7.9567201527471525
8.478557456877672
8.680548623173356
8.892378495340829
4.3257729953030495
6.703592736898831
8.80801324154497
8.314460270678234
8.476960308515315
4.322109198970423
7.63441667410921
8.99116769724426
8.594223669295108
8.442098302781623
4.34314513954137
7.855729218670458
8.715398614661405
8.441310497246734
8.484036259209827
4.340482217504438
8.245856001776898
